04 0B 10 00 45 03 B2 A8 00 41 44 44 52 07 8A 65 6F DE 02 C8 72 01 02 03 04 0B 10 00 45 03 AE 01 26 03 12 00 00 00 00 00 00 03 03 1A 09 20 25 00 00 00 00 00 00 00 00 03 03 1A 0A 0C 3B 00 00 00 00 00 00 00 00 17 04 1A 0B 02 14 00 00 00 00 00 00 00 00 00 00 00 00 0C 00 65 6F DE 02 D3 5E 41 44 44 52 17 52 01 02 03 04 0B 10 00 8D 04 99 B3 00 41 44 44 52 07 8A 65 6F DE 02 AF 72 01 02 03 04 0B 10 00 8D 04 0D 00 01 3C F4 01 E8 03 D0 07 C4 09 01 02 03 04 05 06 07 0B 0C 0D 0E 0F 0F 0F 0F 64 00 0A 00 0A 64 00 F4 01 B0 04 32 00 F4 01 96 00 58 02 00 00 50 00 19 00 C8 00 07 00 18 01 A4 01 91 00 18 01 05 05 88 13 B0 04 1C 0C F5 00 E8 03 E8 03 F4 01 50 00 3C 00 82 00 48 03 32 1E 00 14 14 14 00 E8 03 E8 03 00 
[     11283 ms] status: 494 RS485 bytes, 40314 RX signal edges
05 01 64 00 00 2D 00 BB 03 05 01 1E 2C 01 0A F4 01 3C 00 05 46 00 FA 00 74 04 26 02 78 00 F4 01 32 00 00 3C E6 00 28 28 14 32 32 90 01 64 00 B4 00 A0 0F 50 00 B3 00 65 6F DE 02 D3 5E 41 44 44 52 17 52 01 02 03 04 0B 10 00 50 05 2C 73 00 
[     11373 ms] 41 44 44 52 07 8A 65 6F DE 02 42 72 01 02 03 04 0B 10 00 50 05 12 06 CE FF 0A 03 08 07 F4 01 D0 07 D0 07 58 02 1A FF 2C 01 DA 02 05 50 00 78 B0 04 78 E8 03 E8 03 14 08 07 08 07 6D 01 78 32 5A 00 77 00 65 6F DE 02 D3 5E 41 44 44 52 17 52 01 02 03 04 0B 10 00 61 06 02 6F 00 
[     11473 ms] 41 44 44 52 07 8A 65 6F DE 02 18 72 01 02 03 04 0B 10 00 61 06 03 07 7A 00 65 6F DE 02 D3 5E 41 44 44 52 17 52 01 02 03 04 0B 10 01 04 00 72 22 00 
[     11543 ms] 41 44 44 52 07 8A 65 6F DE 02 88 72 01 02 03 04 0B 10 01 04 00 14 37 0E 10 09 1A 03 00 14 37 0E 00 00 40 00 41 00 00 04 08 08 00 89 10 00 04 00 00 00 00 00 00 00 00 00 00 00 00 00 00 00 00 00 00 00 00 00 41 19 FC 19 FC D2 00 03 01 0C 01 02 01 11 01 FD 00 F5 00 FA 00 22 FC 22 FC 05 01 22 FC 22 FC 22 FC 22 FC 22 FC 22 FC 22 FC 22 FC 22 FC 22 FC 22 FC 22 FC 22 FC A2 01 5C 00 20 00 18 00 00 00 00 00 E8 03 C0 00 65 6F DE 02 D3 5E 41 44 44 52 17 52 01 02 03 04 0B 10 01 47 01 16 37 00 
[     11675 ms] 41 44 44 52 07 8A 65 6F DE 02 2C 72 01 02 03 04 0B 10 01 47 01 0C 00 00 E0 00 20 00 20 00 00 49 00 86 00 AC 00 00 00 00 00 FF 03 A1 00 65 6F DE 02 D3 5E 41 44 44 52 17 52 01 02 03 04 0B 10 01 A7 01 0A CE 00 
[     11762 ms] 41 44 44 52 07 8A 65 6F DE 02 20 72 01 02 03 04 0B 10 01 A7 01 94 01 00 00 BC 02 3C 00 1A 01 45 00 65 6F DE 02 D3 5E 41 44 44 52 17 52 01 02 03 04 0B 10 01 F9 01 76 1A 00 
[     11833 ms] 41 44 44 52 07 8A 65 6F DE 02 8C 72 01 02 03 04 0B 10 01 F9 01 96 00 00 00 00 00 AA FF 00 00 1E 00 02 01 00 00 74 FC 00 00 00 00 00 00 00 00 00 00 00 00 00 00 00 00 00 00 00 00 E0 01 00 00 C2 01 00 00 D7 00 00 00 00 00 00 00 00 00 00 00 00 00 00 00 00 00 00 00 00 00 00 00 00 00 00 00 00 00 FF E2 00 FC 00 14 01 2C 01 41 01 55 01 00 00 00 00 22 FC C8 00 AE 01 00 00 00 00 00 00 00 00 00 00 00 00 00 00 00 10 0E 00 00 CF 00 65 6F DE 02 D3 5E 41 44 44 52 17 52 01 02 03 04 0B 10 01 D1 02 3B 45 00 
[     11962 ms] 41 44 44 52 07 8A 65 6F DE 02 51 72 01 02 03 04 0B 10 01 D1 02 03 01 C7 01 00 00 00 00 2C 01 04 00 3A 00 00 FD 00 AA 00 A7 00 0A 00 82 00 F5 00 F5 00 00 00 00 00 00 00 CC FC CC FC CC FC CC FC 00 00 00 00 00 00 00 00 00 00 00 00 00 00 00 00 14 00 65 6F DE 02 D3 5E 41 44 44 52 17 52 01 02 03 04 0B 10 01 40 03 A4 52 00 
[     12074 ms] 41 44 44 52 07 8A 65 6F DE 02 BA 72 01 02 03 04 0B 10 01 40 03 00 00 00 00 00 00 00 00 00 00 00 00 00 00 00 00 00 00 00 00 00 00 14 04 00 00 3C 00 00 E6 00 00 00 00 00 00 00 00 00 00 00 00 00 00 00 00 00 00 00 00 00 00 00 FF FF 00 00 00 00 2D 00 00 00 00 00 00 B8 0B 00 00 00 00 00 00 30 2A 00 00 67 00 00 00 00 00 00 00 14 00 00 00 00 00 00 1E 00 00 00 05 CF 12 53 04 50 00 48 03 00 00 31 09 00 00 00 00 D4 34 00 00 00 00 00 00 31 2A 00 00 00 00 00 22 FC FF FF 00 00 00 00 00 00 00 00 00 00 00 00 01 07 AA 05 AA 05 AA 05 FF FF 00 00 FF FF FF 3A 3E 01 0C 77 00 65 6F DE 02 D3 5E 41 44 44 52 17 52 01 02 03 04 0B 10 01 20 04 16 17 00 
[     12242 ms] 41 44 44 52 07 8A 65 6F DE 02 2C 72 01 02 03 04 0B 10 01 20 04 00 00 00 00 00 00 00 00 00 00 00 00 00 00 00 00 00 00 00 00 00 00 46 00 65 6F DE 02 D3 5E 41 44 44 52 17 52 01 02 03 04 0B 10 01 50 05 1C 42 00 
[     12336 ms] 41 44 44 52 07 8A 65 6F DE 02 32 72 01 02 03 04 0B 10 01 50 05 02 16 00 08 03 00 05 05 05 05 00 00 00 00 00 00 00 00 00 00 00 00 00 00 53 65 00 00 F9 00 65 6F DE 02 D3 5E 41 44 44 52 17 52 01 02 03 04 0B 10 03 0B 0D B2 39 00 
[     12423 ms] 41 44 44 52 07 8A 65 6F DE 02 C8 72 01 02 03 04 0B 10 03 0B 0D 00 0B 05 17 0B 19 1A 00 00 00 00 00 00 00 00 0B 05 17 0B 1A 07 01 21 00 00 00 00 00 00 0B 05 17 0B 25 09 02 21 00 00 00 00 00 00 08 0A 18 0E 0A 12 00 00 00 00 00 00 00 00 08 0A 18 0E 0A 3B 01 21 00 00 00 00 00 00 08 0A 18 0E 0F 35 02 21 00 00 00 00 00 00 08 0A 18 0E 20 1E 03 21 00 00 00 00 00 00 0E 0B 18 09 1C 3A 00 00 00 00 00 00 00 00 06 0B 19 0C 00 00 01 12 00 00 00 00 00 00 06 0B 19 0C 15 10 02 12 00 00 00 00 00 00 15 0B 19 09 24 26 02 12 00 00 00 00 00 00 15 0B 19 09 24 28 03 12 00 00 00 00 00 00 15 0B 19 09 37 2B 00 00 00 FA 00 65 6F DE 02 D3 5E 41 44 44 52 17 52 01 02 03 04 0B 10 03 BD 0D B2 54 00 
[     12601 ms] 41 44 44 52 07 8A 65 6F DE 02 C8 72 01 02 03 04 0B 10 03 BD 0D 00 00 00 00 00 12 02 1A 0C 00 00 01 12 00 00 00 00 00 00 12 02 1A 0E 2F 27 00 00 00 00 00 00 00 00 12 02 1A 0E 2F 28 01 12 00 00 00 00 00 00 12 02 1A 0F 01 36 00 00 00 00 00 00 00 00 12 02 1A 0F 01 37 01 12 00 00 00 00 00 00 12 02 1A 0F 04 0B 00 00 00 00 00 00 00 00 12 02 1A 0F 04 0C 01 12 00 00 00 00 00 00 13 02 1A 10 37 20 02 12 00 00 00 00 00 00 13 02 1A 10 37 26 03 12 00 00 00 00 00 00 03 03 1A 09 20 25 00 00 00 00 00 00 00 00 03 03 1A 0A 0C 3B 00 00 00 00 00 00 00 00 17 04 1A 0B 02 14 00 00 00 00 00 00 00 00 17 04 1A 0B 02 1A 00 65 6F DE 02 D3 5E 41 44 44 52 17 52 01 02 03 04 0B 10 03 6F 0E 42 23 00 
[     12773 ms] 41 44 44 52 07 8A 65 6F DE 02 58 72 01 02 03 04 0B 10 03 6F 0E 1B 00 00 00 00 00 00 00 00 10 09 1A 10 2D 19 00 00 00 00 00 00 00 00 10 09 1A 10 32 08 00 00 00 00 00 00 00 00 10 09 1A 12 2B 10 00 00 00 00 00 00 00 00 10 09 1A 12 33 21 00 00 00 00 00 00 00 00 00 A4 00 65 6F DE 02 D3 5E 41 44 44 52 17 52 01 02 03 04 0B 10 03 FC 0E 29 AA 00 
[     12874 ms] 41 44 44 52 07 8A 65 6F DE 02 3F 72 01 02 03 04 0B 10 03 FC 0E 08 16 00 0A 08 07 00 09 08 0A 1E 03 08 0C 1E 04 08 12 14 03 08 14 14 04 00 00 00 08 00 00 00 07 00 00 00 08 00 00 00 07 01 8F 00 65 6F DE 02 D3 5E 41 44 44 52 17 52 01 02 03 04 0B 10 05 28 00 18 18 00 
[     12964 ms] 41 44 44 52 07 8A 65 6F DE 02 2E 72 01 02 03 04 0B 10 05 28 00 00 00 00 00 DC FD 14 00 B2 2F 00 00 65 B5 06 00 B9 13 05 00 D0 E7 0E 00 EC 00 65 6F DE 02 D3 5E 41 44 44 52 18 57 01 02 03 04 0B 10 01 DB 03 00 00 0D 00 
[     13053 ms] 41 44 44 52 07 8A 65 6F DE 02 17 77 01 02 03 04 0B 10 01 DB 03 00 ED 00 65 6F DE 02 D3 5E 41 44 44 52 18 57 01 02 03 04 0B 10 01 D9 03 00 00 0A 00 
[     13132 ms] 41 44 44 52 07 8A 65 6F DE 02 17 77 01 02 03 04 0B 10 01 D9 03 00 A2 00 65 6F DE 02 D3 5E 41 44 44 52 18 57 01 02 03 04 0B 10 01 E1 03 3E 01 F1 00 
[     13211 ms] 41 44 44 52 07 8A 65 6F DE 02 17 77 01 02 03 04 0B 10 01 E1 03 01 07 00 65 6F DE 02 D3 5E 41 44 44 52 20 57 01 02 03 04 0B 10 01 68 05 5C 65 00 00 01 00 01 00 00 00 89 00 
[     13291 ms] 41 44 44 52 07 8A 65 6F DE 02 17 77 01 02 03 04 0B 10 01 68 05 00 1F 00 65 6F DE 02 D3 5E 41 44 44 52 17 52 01 02 03 04 0B 10 00 00 00 18 28 00 
[     13371 ms] 41 44 44 52 07 8A 65 6F DE 02 2E 72 01 02 03 04 0B 10 00 00 00 C2 8E 72 42 AE 34 06 1F FF 00 00 11 0C CB 59 01 2B 09 40 71 50 00 0C 00 60 00 65 6F DE 02 D3 5E 41 44 44 52 17 52 01 02 03 04 0B 10 00 7F 00 0A B9 00 
[     13450 ms] 41 44 44 52 07 8A 65 6F DE 02 20 72 01 02 03 04 0B 10 00 7F 00 00 07 14 00 00 15 00 00 00 00 F8 00 65 6F DE 02 D3 5E 41 44 44 52 17 52 01 02 03 04 0B 10 00 27 01 04 3C 00 
[     13525 ms] 41 44 44 52 07 8A 65 6F DE 02 1A 72 01 02 03 04 0B 10 00 27 01 21 00 00 00 D3 00 65 6F DE 02 D3 5E 41 44 44 52 17 52 01 02 03 04 0B 10 00 89 02 AD 58 00 
[     13603 ms] 41 44 44 52 07 8A 65 6F DE 02 C3 72 01 02 03 04 0B 10 00 89 02 01 06 00 00 FF 00 00 FF 28 D7 00 14 00 32 00 CE FF 02 00 00 00 00 00 F6 00 1C 01 3E 01 5E 01 7D 01 9B 01 1E 00 28 00 1E 00 64 00 32 00 B0 04 5A 00 B0 04 5A 00 46 00 B4 00 50 00 78 00 FA 00 32 00 12 FD 1E 00 A8 FD 80 0C E0 FC A0 0F DC 05 1E 00 64 00 64 00 96 00 C2 01 BC 02 C8 00 F4 01 78 00 58 02 EC FF 02 64 00 05 78 00 1E 00 F8 02 2C 01 78 00 FF 0C FE C8 00 0A 00 8C 0A 0C FE 1E 0C FE 58 02 D0 07 58 02 9C FF 54 0B FA 00 2C 01 5E 01 90 01 C2 01 90 01 5E 01 2C 01 14 14 14 14 14 14 14 14 00 00 00 14 90 01 C8 00 14 00 AE 00 65 6F DE 02 D3 5E 41 44 44 52 17 52 01 02 03 04 0B 10 00 45 03 B2 A8 00 
[     13769 ms] 41 44 44 52 07 8A 65 6F DE 02 C8 72 01 02 03 04 0B 10 00 45 03 AE 01 0F 00 92 FF 8D FF 88 FF 83 FF 7E FF 79 FF 74 FF 6F FF 6A FF 65 FF 60 FF 5B FF 5B FF 5B FF 5B FF CE FF CE FF C9 FF C9 FF C4 FF C4 FF BF FF BF FF BA FF BA FF B5 FF B5 FF B5 FF B5 FF B5 FF 00 00 00 00 00 00 00 00 00 00 00 00 00 00 00 00 00 00 00 00 00 00 00 00 00 00 00 00 00 00 05 1E 14 7E FF 74 FF 92 FF 88 FF CE FF C4 FF F1 FF E7 FF 96 00 90 01 26 02 7E FF 26 02 B4 00 8A 02 3C 41 3C DA 02 0A 1E 1E F4 01 32 00 58 02 68 01 90 01 26 02 58 02 58 02 01 8A 02 D4 FE 2C 01 00 00 1E 64 C8 00 48 03 8A 02 EE 02 48 03 B6 03 E8 03 D4 FE 20 00 65 6F DE 02 D3 5E 41 44 44 52 17 52 01 02 03 04 0B 10 00 F7 03 41 CD 00 
[     13936 ms] 41 44 44 52 07 8A 65 6F DE 02 57 72 01 02 03 04 0B 10 00 F7 03 BC 02 00 00 32 00 9C 00 2C 01 0A 01 14 05 28 0A 00 80 0C 1E 32 90 01 2C 01 28 14 05 05 0A 46 05 48 0D 88 13 96 00 34 03 34 03 FA 00 14 26 02 BC 02 34 03 FC 03 1A 04 00 00 00 00 00 00 00 00 00 00 0C 00 65 6F DE 02 D3 5E 41 44 44 52 17 52 01 02 03 04 0B 10 00 8D 04 99 B3 00 
[     14048 ms] 41 44 44 52 07 8A 65 6F DE 02 AF 72 01 02 03 04 0B 10 00 8D 04 0D 00 01 3C F4 01 E8 03 D0 07 C4 09 01 02 03 04 05 06 07 0B 0C 0D 0E 0F 0F 0F 0F 64 00 0A 00 0A 64 00 F4 01 B0 04 32 00 F4 01 96 00 58 02 00 00 50 00 19 00 C8 00 07 00 18 01 A4 01 91 00 18 01 05 05 88 13 B0 04 1C 0C F5 00 E8 03 E8 03 F4 01 50 00 3C 00 82 00 48 03 32 1E 00 14 14 14 00 E8 03 E8 03 00 05 01 64 00 00 2D 00 BB 03 05 01 1E 2C 01 0A F4 01 3C 00 05 46 00 FA 00 74 04 26 02 78 00 F4 01 32 00 00 3C E6 00 28 28 14 32 32 90 01 64 00 B4 00 A0 0F 50 00 B3 00 65 6F DE 02 D3 5E 41 44 44 52 17 52 01 02 03 04 0B 10 00 50 05 2C 73 00 
[     14204 ms] 41 44 44 52 07 8A 65 6F DE 02 42 72 01 02 03 04 0B 10 00 50 05 12 06 CE FF 0A 03 08 07 F4 01 D0 07 D0 07 58 02 1A FF 2C 01 DA 02 05 50 00 78 B0 04 78 E8 03 E8 03 14 08 07 08 07 6D 01 78 32 5A 00 77 00 65 6F DE 02 D3 5E 41 44 44 52 17 52 01 02 03 04 0B 10 00 61 06 02 6F 00 
[     14302 ms] 41 44 44 52 07 8A 65 6F DE 02 18 72 01 02 03 04 0B 10 00 61 06 03 07 7A 00 65 6F DE 02 D3 5E 41 44 44 52 17 52 01 02 03 04 0B 10 01 04 00 72 22 00 
[     14377 ms] 41 44 44 52 07 8A 65 6F DE 02 88 72 01 02 03 04 0B 10 01 04 00 14 37 11 10 09 1A 03 00 14 37 11 00 00 40 00 41 00 00 04 08 08 00 89 10 00 04 00 00 00 00 00 00 00 00 00 00 00 00 00 00 00 00 00 00 00 00 00 41 19 FC 19 FC D2 00 03 01 0C 01 02 01 11 01 FD 00 F6 00 FA 00 22 FC 22 FC 05 01 22 FC 22 FC 22 FC 22 FC 22 FC 22 FC 22 FC 22 FC 22 FC 22 FC 22 FC 22 FC 22 FC A2 01 3F 00 1E 00 17 00 00 00 00 00 E8 03 D6 00 65 6F DE 02 D3 5E 41 44 44 52 17 52 01 02 03 04 0B 10 01 47 01 16 37 00 
[     14519 ms] 41 44 44 52 07 8A 65 6F DE 02 2C 72 01 02 03 04 0B 10 01 47 01 0C 00 00 E0 00 20 00 20 00 00 61 00 83 00 A6 00 00 00 00 00 FF 03 0E 00 65 6F DE 02 D3 5E 41 44 44 52 17 52 01 02 03 04 0B 10 01 A7 01 0A CE 00 
[     14608 ms] 41 44 44 52 07 8A 65 6F DE 02 20 72 01 02 03 04 0B 10 01 A7 01 94 01 00 00 BC 02 3C 00 1A 01 45 00 65 6F DE 02 D3 5E 41 44 44 52 17 52 01 02 03 04 0B 10 01 F9 01 76 1A 00 
[     14687 ms] 41 44 44 52 07 8A 65 6F DE 02 8C 72 01 02 03 04 0B 10 01 F9 01 96 00 00 00 00 00 AA FF 00 00 1E 00 02 01 00 00 74 FC 06 00 00 00 00 00 00 00 00 00 00 00 00 00 00 00 00 00 00 00 E0 01 00 00 C2 01 00 00 D7 00 00 00 00 00 00 00 00 00 00 00 00 00 00 00 00 00 00 00 00 00 00 00 00 00 00 00 00 00 FF E2 00 FC 00 14 01 2C 01 41 01 55 01 00 00 00 00 22 FC C8 00 AE 01 00 00 00 00 00 00 00 00 00 00 00 00 00 00 00 10 0E 00 00 8D 00 65 6F DE 02 D3 5E 41 44 44 52 17 52 01 02 03 04 0B 10 01 D1 02 3B 45 00 
[     14826 ms] 41 44 44 52 07 8A 65 6F DE 02 51 72 01 02 03 04 0B 10 01 D1 02 03 01 C7 01 00 00 00 00 2C 01 03 00 39 00 00 FD 00 AA 00 A7 00 0A 00 82 00 F6 00 F6 00 00 00 00 00 00 00 CC FC CC FC CC FC CC FC 00 00 00 00 00 00 00 00 00 00 00 00 00 00 00 00 98 00 65 6F DE 02 D3 5E 41 44 44 52 17 52 01 02 03 04 0B 10 01 40 03 A4 52 00 
[     14927 ms] 41 44 44 52 07 8A 65 6F DE 02 BA 72 01 02 03 04 0B 10 01 40 03 00 00 00 00 00 00 00 00 00 00 00 00 00 00 00 00 00 00 00 00 00 00 14 01 00 00 3C 00 00 E6 00 00 00 00 00 00 00 00 00 00 00 00 00 00 00 00 00 00 00 00 00 00 00 FF FF 00 00 00 00 2D 00 00 00 00 00 00 B8 0B 00 00 00 00 00 00 30 2A 00 00 67 00 00 00 00 00 00 00 14 00 00 00 00 00 00 1E 00 00 00 05 CF 12 53 04 50 00 48 03 00 00 31 09 00 00 00 00 D4 34 00 00 00 00 00 00 31 2D 00 00 00 00 00 22 FC FF FF 00 00 00 00 00 00 00 00 00 00 00 00 01 07 AA 05 AA 05 AA 05 FF FF 00 00 FF FF FF 3A 3E 01 0C 34 00 65 6F DE 02 D3 5E 41 44 44 52 17 52 01 02 03 04 0B 10 01 20 04 16 17 00 
[     15093 ms] 41 44 44 52 07 8A 65 6F DE 02 2C 72 01 02 03 04 0B 10 01 20 04 00 00 00 00 00 00 00 00 00 00 00 00 00 00 00 00 00 00 00 00 00 00 46 00 65 6F DE 02 D3 5E 41 44 44 52 17 52 01 02 03 04 0B 10 01 50 05 1C 42 00 
[     15172 ms] 41 44 44 52 07 8A 65 6F DE 02 32 72 01 02 03 04 0B 10 01 50 05 02 16 00 08 03 00 05 05 05 05 00 00 00 00 00 00 00 00 00 00 00 00 00 00 5C 65 00 00 63 00 65 6F DE 02 D3 5E 41 44 44 52 17 52 01 02 03 04 0B 10 03 0B 0D B2 39 00 
[     15263 ms] 41 44 44 52 07 8A 65 6F DE 02 C8 72 01 02 03 04 0B 10 03 0B 0D 00 0B 05 17 0B 19 1A 00 00 00 00 00 00 00 00 0B 05 17 0B 1A 07 01 21 00 00 00 00 00 00 0B 05 17 0B 25 09 02 21 00 00 00 00 00 00 08 0A 18 0E 0A 12 00 00 00 00 00 00 00 00 08 0A 18 0E 0A 3B 01 21 00 00 00 00 00 00 08 0A 18 0E 0F 35 02 21 00 00 00 00 00 00 08 0A 18 0E 20 1E 03 21 00 00 00 00 00 00 0E 0B 18 09 1C 3A 00 00 00 00 00 00 00 00 06 0B 19 0C 00 00 01 12 00 00 00 00 00 00 06 0B 19 0C 15 10 02 12 00 00 00 00 00 00 15 0B 19 09 24 26 02 12 00 00 00 00 00 00 15 0B 19 09 24 28 03 12 00 00 00 00 00 00 15 0B 19 09 37 2B 00 00 00 FA 00 65 6F DE 02 D3 5E 41 44 44 52 17 52 01 02 03 04 0B 10 03 BD 0D B2 54 00 
[     15434 ms] 41 44 44 52 07 8A 65 6F DE 02 C8 72 01 02 03 04 0B 10 03 BD 0D 00 00 00 00 00 12 02 1A 0C 00 00 01 12 00 00 00 00 00 00 12 02 1A 0E 2F 27 00 00 00 00 00 00 00 00 12 02 1A 0E 2F 28 01 12 00 00 00 00 00 00 12 02 1A 0F 01 36 00 00 00 00 00 00 00 00 12 02 1A 0F 01 37 01 12 00 00 00 00 00 00 12 02 1A 0F 04 0B 00 00 00 00 00 00 00 00 12 02 1A 0F 04 0C 01 12 00 00 00 00 00 00 13 02 1A 10 37 20 02 12 00 00 00 00 00 00 13 02 1A 10 37 26 03 12 00 00 00 00 00 00 03 03 1A 09 20 25 00 00 00 00 00 00 00 00 03 03 1A 0A 0C 3B 00 00 00 00 00 00 00 00 17 04 1A 0B 02 14 00 00 00 00 00 00 00 00 17 04 1A 0B 02 1A 00 65 6F DE 02 D3 5E 41 44 44 52 17 52 01 02 03 04 0B 10 03 6F 0E 42 23 00 
[     15602 ms] 41 44 44 52 07 8A 65 6F DE 02 58 72 01 02 03 04 0B 10 03 6F 0E 1B 00 00 00 00 00 00 00 00 10 09 1A 10 2D 19 00 00 00 00 00 00 00 00 10 09 1A 10 32 08 00 00 00 00 00 00 00 00 10 09 1A 12 2B 10 00 00 00 00 00 00 00 00 10 09 1A 12 33 21 00 00 00 00 00 00 00 00 00 A4 00 65 6F DE 02 D3 5E 41 44 44 52 17 52 01 02 03 04 0B 10 03 FC 0E 29 AA 00 
[     15716 ms] 41 44 44 52 07 8A 65 6F DE 02 3F 72 01 02 03 04 0B 10 03 FC 0E 08 16 00 0A 08 07 00 09 08 0A 1E 03 08 0C 1E 04 08 12 14 03 08 14 14 04 00 00 00 08 00 00 00 07 00 00 00 08 00 00 00 07 01 8F 00 65 6F DE 02 D3 5E 41 44 44 52 17 52 01 02 03 04 0B 10 05 28 00 18 18 00 
[     15814 ms] 41 44 44 52 07 8A 65 6F DE 02 2E 72 01 02 03 04 0B 10 05 28 00 00 00 00 00 DC FD 14 00 B2 2F 00 00 65 B5 06 00 B9 13 05 00 D0 E7 0E 00 EC 00 
[     15862 ms] 65 6F DE 02 D3 5E 41 44 44 52 18 57 01 02 03 04 0B 10 01 DB 03 00 00 0D 00 
[     15913 ms] 41 44 44 52 07 8A 65 6F DE 02 17 77 01 02 03 04 0B 10 01 DB 03 00 ED 00 
[     15949 ms] 65 6F DE 02 D3 5E 41 44 44 52 18 57 01 02 03 04 0B 10 01 D9 03 00 00 0A 00 
[     16002 ms] 41 44 44 52 07 8A 65 6F DE 02 17 77 01 02 03 04 0B 10 01 D9 03 00 A2 00 65 6F DE 02 D3 5E 41 44 44 52 18 57 01 02 03 04 0B 10 01 E1 03 3E 01 F1 00 
[     16081 ms] 41 44 44 52 07 8A 65 6F DE 02 17 77 01 02 03 04 0B 10 01 E1 03 01 07 00 65 6F DE 02 D3 5E 41 44 44 52 20 57 01 02 03 04 0B 10 01 68 05 67 65 00 00 01 00 01 00 00 00 30 00 
[     16171 ms] 41 44 44 52 07 8A 65 6F DE 02 17 77 01 02 03 04 0B 10 01 68 05 00 1F 00 65 6F DE 02 D3 5E 41 44 44 52 17 52 01 02 03 04 0B 10 00 00 00 18 28 00 
[     16256 ms] 41 44 44 52 07 8A 65 6F DE 02 2E 72 01 02 03 04 0B 10 00 00 00 C2 8E 72 42 AE 34 06 1F FF 00 00 11 0C CB 59 01 2B 09 40 71 50 00 0C 00 60 00 
[     16283 ms] status: 5514 RS485 bytes, 61406 RX signal edges
65 6F DE 02 D3 5E 41 44 44 52 17 52 01 02 03 04 0B 10 00 7F 00 0A B9 00 
[     16340 ms] 41 44 44 52 07 8A 65 6F DE 02 20 72 01 02 03 04 0B 10 00 7F 00 00 07 14 00 00 15 00 00 00 00 F8 00 65 6F DE 02 D3 5E 41 44 44 52 17 52 01 02 03 04 0B 10 00 27 01 04 3C 00 
[     16414 ms] 41 44 44 52 07 8A 65 6F DE 02 1A 72 01 02 03 04 0B 10 00 27 01 21 00 00 00 D3 00 65 6F DE 02 D3 5E 41 44 44 52 17 52 01 02 03 04 0B 10 00 89 02 AD 58 00 
[     16476 ms] 41 44 44 52 07 8A 65 6F DE 02 C3 72 01 02 03 04 0B 10 00 89 02 01 06 00 00 FF 00 00 FF 28 D7 00 14 00 32 00 CE FF 02 00 00 00 00 00 F6 00 1C 01 3E 01 5E 01 7D 01 9B 01 1E 00 28 00 1E 00 64 00 32 00 B0 04 5A 00 B0 04 5A 00 46 00 B4 00 50 00 78 00 FA 00 32 00 12 FD 1E 00 A8 FD 80 0C E0 FC A0 0F DC 05 1E 00 64 00 64 00 96 00 C2 01 BC 02 C8 00 F4 01 78 00 58 02 EC FF 02 64 00 05 78 00 1E 00 F8 02 2C 01 78 00 FF 0C FE C8 00 0A 00 8C 0A 0C FE 1E 0C FE 58 02 D0 07 58 02 9C FF 54 0B FA 00 2C 01 5E 01 90 01 C2 01 90 01 5E 01 2C 01 14 14 14 14 14 14 14 14 00 00 00 14 90 01 C8 00 14 00 AE 00 65 6F DE 02 D3 5E 41 44 44 52 17 52 01 02 03 04 0B 10 00 45 03 B2 A8 00 
[     16644 ms] 41 44 44 52 07 8A 65 6F DE 02 C8 72 01 02 03 04 0B 10 00 45 03 AE 01 0F 00 92 FF 8D FF 88 FF 83 FF 7E FF 79 FF 74 FF 6F FF 6A FF 65 FF 60 FF 5B FF 5B FF 5B FF 5B FF CE FF CE FF C9 FF C9 FF C4 FF C4 FF BF FF BF FF BA FF BA FF B5 FF B5 FF B5 FF B5 FF B5 FF 00 00 00 00 00 00 00 00 00 00 00 00 00 00 00 00 00 00 00 00 00 00 00 00 00 00 00 00 00 00 05 1E 14 7E FF 74 FF 92 FF 88 FF CE FF C4 FF F1 FF E7 FF 96 00 90 01 26 02 7E FF 26 02 B4 00 8A 02 3C 41 3C DA 02 0A 1E 1E F4 01 32 00 58 02 68 01 90 01 26 02 58 02 58 02 01 8A 02 D4 FE 2C 01 00 00 1E 64 C8 00 48 03 8A 02 EE 02 48 03 B6 03 E8 03 D4 FE 20 00 65 6F DE 02 D3 5E 41 44 44 52 17 52 01 02 03 04 0B 10 00 F7 03 41 CD 00 
[     16816 ms] 41 44 44 52 07 8A 65 6F DE 02 57 72 01 02 03 04 0B 10 00 F7 03 BC 02 00 00 32 00 9C 00 2C 01 0A 01 14 05 28 0A 00 80 0C 1E 32 90 01 2C 01 28 14 05 05 0A 46 05 48 0D 88 13 96 00 34 03 34 03 FA 00 14 26 02 BC 02 34 03 FC 03 1A 04 00 00 00 00 00 00 00 00 00 00 0C 00 65 6F DE 02 D3 5E 41 44 44 52 17 52 01 02 03 04 0B 10 00 8D 04 99 B3 00 
[     16927 ms] 41 44 44 52 07 8A 65 6F DE 02 AF 72 01 02 03 04 0B 10 00 8D 04 0D 00 01 3C F4 01 E8 03 D0 07 C4 09 01 02 03 04 05 06 07 0B 0C 0D 0E 0F 0F 0F 0F 64 00 0A 00 0A 64 00 F4 01 B0 04 32 00 F4 01 96 00 58 02 00 00 50 00 19 00 C8 00 07 00 18 01 A4 01 91 00 18 01 05 05 88 13 B0 04 1C 0C F5 00 E8 03 E8 03 F4 01 50 00 3C 00 82 00 48 03 32 1E 00 14 14 14 00 E8 03 E8 03 00 05 01 64 00 00 2D 00 BB 03 05 01 1E 2C 01 0A F4 01 3C 00 05 46 00 FA 00 74 04 26 02 78 00 F4 01 32 00 00 3C E6 00 28 28 14 32 32 90 01 64 00 B4 00 A0 0F 50 00 B3 00 65 6F DE 02 D3 5E 41 44 44 52 17 52 01 02 03 04 0B 10 00 50 05 2C 73 00 
[     17085 ms] 41 44 44 52 07 8A 65 6F DE 02 42 72 01 02 03 04 0B 10 00 50 05 12 06 CE FF 0A 03 08 07 F4 01 D0 07 D0 07 58 02 1A FF 2C 01 DA 02 05 50 00 78 B0 04 78 E8 03 E8 03 14 08 07 08 07 6D 01 78 32 5A 00 77 00 65 6F DE 02 D3 5E 41 44 44 52 17 52 01 02 03 04 0B 10 00 61 06 02 6F 00 
[     17184 ms] 41 44 44 52 07 8A 65 6F DE 02 18 72 01 02 03 04 0B 10 00 61 06 03 07 7A 00 65 6F DE 02 D3 5E 41 44 44 52 17 52 01 02 03 04 0B 10 01 04 00 72 22 00 
[     17256 ms] 41 44 44 52 07 8A 65 6F DE 02 88 72 01 02 03 04 0B 10 01 04 00 14 37 14 10 09 1A 03 00 14 37 14 00 00 40 00 41 00 00 04 08 08 00 89 10 00 04 00 00 00 00 00 00 00 00 00 00 00 00 00 00 00 00 00 00 00 00 00 41 19 FC 19 FC D2 00 03 01 0C 01 02 01 11 01 FD 00 F6 00 FA 00 22 FC 22 FC 05 01 22 FC 22 FC 22 FC 22 FC 22 FC 22 FC 22 FC 22 FC 22 FC 22 FC 22 FC 22 FC 22 FC A2 01 49 00 25 00 1B 00 00 00 00 00 E8 03 4F 00 65 6F DE 02 D3 5E 41 44 44 52 17 52 01 02 03 04 0B 10 01 47 01 16 37 00 
[     17388 ms] 41 44 44 52 07 8A 65 6F DE 02 2C 72 01 02 03 04 0B 10 01 47 01 0C 00 7F E0 00 20 00 20 00 00 61 00 8D 00 BC 00 00 00 00 00 FF 03 5F 00 65 6F DE 02 D3 5E 41 44 44 52 17 52 01 02 03 04 0B 10 01 A7 01 0A CE 00 
[     17467 ms] 41 44 44 52 07 8A 65 6F DE 02 20 72 01 02 03 04 0B 10 01 A7 01 94 01 00 00 BC 02 3C 00 1A 01 45 00 65 6F DE 02 D3 5E 41 44 44 52 17 52 01 02 03 04 0B 10 01 F9 01 76 1A 00 
[     17538 ms] 41 44 44 52 07 8A 65 6F DE 02 8C 72 01 02 03 04 0B 10 01 F9 01 96 00 00 00 00 00 AA FF 00 00 1E 00 02 01 00 00 74 FC 00 00 00 00 00 00 00 00 00 00 00 00 00 00 00 00 00 00 00 00 E0 01 00 00 C2 01 00 00 D7 00 00 00 00 00 00 00 00 00 00 00 00 00 00 00 00 00 00 00 00 00 00 00 00 00 00 00 00 00 FF E2 00 FC 00 14 01 2C 01 41 01 55 01 00 00 00 00 22 FC C8 00 AE 01 00 00 00 00 00 00 00 00 00 00 00 00 00 00 00 10 0E 00 00 CF 00 65 6F DE 02 D3 5E 41 44 44 52 17 52 01 02 03 04 0B 10 01 D1 02 3B 45 00 
[     17666 ms] 41 44 44 52 07 8A 65 6F DE 02 51 72 01 02 03 04 0B 10 01 D1 02 03 01 C7 01 00 00 00 00 2C 01 03 00 39 00 00 FD 00 AA 00 A7 00 0A 00 82 00 F6 00 F6 00 00 00 00 00 00 00 CC FC CC FC CC FC CC FC 00 00 00 00 00 00 00 00 00 00 00 00 00 00 00 00 98 00 65 6F DE 02 D3 5E 41 44 44 52 17 52 01 02 03 04 0B 10 01 40 03 A4 52 00 
[     17765 ms] 41 44 44 52 07 8A 65 6F DE 02 BA 72 01 02 03 04 0B 10 01 40 03 00 00 00 00 00 00 00 00 00 00 00 00 00 00 00 00 00 00 00 00 00 00 14 03 00 00 3C 00 00 E6 00 00 00 00 00 00 00 00 00 00 00 00 00 00 00 00 00 00 00 00 00 00 00 FF FF 00 00 00 00 2D 00 00 00 00 00 00 B8 0B 00 00 00 00 00 00 30 2A 00 00 67 00 00 00 00 00 00 00 14 00 00 00 00 00 00 1E 00 00 00 05 CF 12 53 04 50 00 48 03 00 00 31 09 00 00 00 00 D4 34 00 00 00 00 00 00 31 30 00 00 00 00 00 22 FC FF FF 00 00 00 00 00 00 00 00 00 00 00 00 01 07 AA 05 AA 05 AA 05 FF FF 00 00 FF FF FF 3A 3E 01 0C 12 00 65 6F DE 02 D3 5E 41 44 44 52 17 52 01 02 03 04 0B 10 01 20 04 16 17 00 
[     17933 ms] 41 44 44 52 07 8A 65 6F DE 02 2C 72 01 02 03 04 0B 10 01 20 04 00 00 00 00 00 00 00 00 00 00 00 00 00 00 00 00 00 00 00 00 00 00 46 00 65 6F DE 02 D3 5E 41 44 44 52 17 52 01 02 03 04 0B 10 01 50 05 1C 42 00 
[     18018 ms] 41 44 44 52 07 8A 65 6F DE 02 32 72 01 02 03 04 0B 10 01 50 05 02 16 00 08 03 00 05 05 05 05 00 00 00 00 00 00 00 00 00 00 00 00 00 00 67 65 00 00 BF 00 65 6F DE 02 D3 5E 41 44 44 52 17 52 01 02 03 04 0B 10 03 0B 0D B2 39 00 
[     18110 ms] 41 44 44 52 07 8A 65 6F DE 02 C8 72 01 02 03 04 0B 10 03 0B 0D 00 0B 05 17 0B 19 1A 00 00 00 00 00 00 00 00 0B 05 17 0B 1A 07 01 21 00 00 00 00 00 00 0B 05 17 0B 25 09 02 21 00 00 00 00 00 00 08 0A 18 0E 0A 12 00 00 00 00 00 00 00 00 08 0A 18 0E 0A 3B 01 21 00 00 00 00 00 00 08 0A 18 0E 0F 35 02 21 00 00 00 00 00 00 08 0A 18 0E 20 1E 03 21 00 00 00 00 00 00 0E 0B 18 09 1C 3A 00 00 00 00 00 00 00 00 06 0B 19 0C 00 00 01 12 00 00 00 00 00 00 06 0B 19 0C 15 10 02 12 00 00 00 00 00 00 15 0B 19 09 24 26 02 12 00 00 00 00 00 00 15 0B 19 09 24 28 03 12 00 00 00 00 00 00 15 0B 19 09 37 2B 00 00 00 FA 00 65 6F DE 02 D3 5E 41 44 44 52 17 52 01 02 03 04 0B 10 03 BD 0D B2 54 00 
[     18289 ms] 41 44 44 52 07 8A 65 6F DE 02 C8 72 01 02 03 04 0B 10 03 BD 0D 00 00 00 00 00 12 02 1A 0C 00 00 01 12 00 00 00 00 00 00 12 02 1A 0E 2F 27 00 00 00 00 00 00 00 00 12 02 1A 0E 2F 28 01 12 00 00 00 00 00 00 12 02 1A 0F 01 36 00 00 00 00 00 00 00 00 12 02 1A 0F 01 37 01 12 00 00 00 00 00 00 12 02 1A 0F 04 0B 00 00 00 00 00 00 00 00 12 02 1A 0F 04 0C 01 12 00 00 00 00 00 00 13 02 1A 10 37 20 02 12 00 00 00 00 00 00 13 02 1A 10 37 26 03 12 00 00 00 00 00 00 03 03 1A 09 20 25 00 00 00 00 00 00 00 00 03 03 1A 0A 0C 3B 00 00 00 00 00 00 00 00 17 04 1A 0B 02 14 00 00 00 00 00 00 00 00 17 04 1A 0B 02 1A 00 65 6F DE 02 D3 5E 41 44 44 52 17 52 01 02 03 04 0B 10 03 6F 0E 42 23 00 
[     18466 ms] 41 44 44 52 07 8A 65 6F DE 02 58 72 01 02 03 04 0B 10 03 6F 0E 1B 00 00 00 00 00 00 00 00 10 09 1A 10 2D 19 00 00 00 00 00 00 00 00 10 09 1A 10 32 08 00 00 00 00 00 00 00 00 10 09 1A 12 2B 10 00 00 00 00 00 00 00 00 10 09 1A 12 33 21 00 00 00 00 00 00 00 00 00 A4 00 65 6F DE 02 D3 5E 41 44 44 52 17 52 01 02 03 04 0B 10 03 FC 0E 29 AA 00 
[     18576 ms] 41 44 44 52 07 8A 65 6F DE 02 3F 72 01 02 03 04 0B 10 03 FC 0E 08 16 00 0A 08 07 00 09 08 0A 1E 03 08 0C 1E 04 08 12 14 03 08 14 14 04 00 00 00 08 00 00 00 07 00 00 00 08 00 00 00 07 01 8F 00 65 6F DE 02 D3 5E 41 44 44 52 17 52 01 02 03 04 0B 10 05 28 00 18 18 00 
[     18667 ms] 41 44 44 52 07 8A 65 6F DE 02 2E 72 01 02 03 04 0B 10 05 28 00 00 00 00 00 DC FD 14 00 B2 2F 00 00 65 B5 06 00 B9 13 05 00 D0 E7 0E 00 EC 00 65 6F DE 02 D3 5E 41 44 44 52 18 57 01 02 03 04 0B 10 01 DB 03 00 00 0D 00 
[     18765 ms] 41 44 44 52 07 8A 65 6F DE 02 17 77 01 02 03 04 0B 10 01 DB 03 00 ED 00 65 6F DE 02 D3 5E 41 44 44 52 18 57 01 02 03 04 0B 10 01 D9 03 00 00 0A 00 
[     18853 ms] 41 44 44 52 07 8A 65 6F DE 02 17 77 01 02 03 04 0B 10 01 D9 03 00 A2 00 65 6F DE 02 D3 5E 41 44 44 52 18 57 01 02 03 04 0B 10 01 E1 03 3E 01 F1 00 
[     18928 ms] 41 44 44 52 07 8A 65 6F DE 02 17 77 01 02 03 04 0B 10 01 E1 03 01 07 00 65 6F DE 02 D3 5E 41 44 44 52 20 57 01 02 03 04 0B 10 01 68 05 70 65 00 00 01 00 01 00 00 00 24 00 
[     19018 ms] 41 44 44 52 07 8A 65 6F DE 02 17 77 01 02 03 04 0B 10 01 68 05 00 1F 00 65 6F DE 02 D3 5E 41 44 44 52 17 52 01 02 03 04 0B 10 00 00 00 18 28 00 
[     19098 ms] 41 44 44 52 07 8A 65 6F DE 02 2E 72 01 02 03 04 0B 10 00 00 00 C2 8E 72 42 AE 34 06 1F FF 00 00 11 0C CB 59 01 2B 09 40 71 50 00 0C 00 60 00 65 6F DE 02 D3 5E 41 44 44 52 17 52 01 02 03 04 0B 10 00 7F 00 0A B9 00 
[     19176 ms] 41 44 44 52 07 8A 65 6F DE 02 20 72 01 02 03 04 0B 10 00 7F 00 00 07 14 00 00 15 00 00 00 00 F8 00 65 6F DE 02 D3 5E 41 44 44 52 17 52 01 02 03 04 0B 10 00 27 01 04 3C 00 
[     19254 ms] 41 44 44 52 07 8A 65 6F DE 02 1A 72 01 02 03 04 0B 10 00 27 01 21 00 00 00 D3 00 65 6F DE 02 D3 5E 41 44 44 52 17 52 01 02 03 04 0B 10 00 89 02 AD 58 00 
[     19341 ms] 41 44 44 52 07 8A 65 6F DE 02 C3 72 01 02 03 04 0B 10 00 89 02 01 06 00 00 FF 00 00 FF 28 D7 00 14 00 32 00 CE FF 02 00 00 00 00 00 F6 00 1C 01 3E 01 5E 01 7D 01 9B 01 1E 00 28 00 1E 00 64 00 32 00 B0 04 5A 00 B0 04 5A 00 46 00 B4 00 50 00 78 00 FA 00 32 00 12 FD 1E 00 A8 FD 80 0C E0 FC A0 0F DC 05 1E 00 64 00 64 00 96 00 C2 01 BC 02 C8 00 F4 01 78 00 58 02 EC FF 02 64 00 05 78 00 1E 00 F8 02 2C 01 78 00 FF 0C FE C8 00 0A 00 8C 0A 0C FE 1E 0C FE 58 02 D0 07 58 02 9C FF 54 0B FA 00 2C 01 5E 01 90 01 C2 01 90 01 5E 01 2C 01 14 14 14 14 14 14 14 14 00 00 00 14 90 01 C8 00 14 00 AE 00 65 6F DE 02 D3 5E 41 44 44 52 17 52 01 02 03 04 0B 10 00 45 03 B2 A8 00 
[     19512 ms] 41 44 44 52 07 8A 65 6F DE 02 C8 72 01 02 03 04 0B 10 00 45 03 AE 01 0F 00 92 FF 8D FF 88 FF 83 FF 7E FF 79 FF 74 FF 6F FF 6A FF 65 FF 60 FF 5B FF 5B FF 5B FF 5B FF CE FF CE FF C9 FF C9 FF C4 FF C4 FF BF FF BF FF BA FF BA FF B5 FF B5 FF B5 FF B5 FF B5 FF 00 00 00 00 00 00 00 00 00 00 00 00 00 00 00 00 00 00 00 00 00 00 00 00 00 00 00 00 00 00 05 1E 14 7E FF 74 FF 92 FF 88 FF CE FF C4 FF F1 FF E7 FF 96 00 90 01 26 02 7E FF 26 02 B4 00 8A 02 3C 41 3C DA 02 0A 1E 1E F4 01 32 00 58 02 68 01 90 01 26 02 58 02 58 02 01 8A 02 D4 FE 2C 01 00 00 1E 64 C8 00 48 03 8A 02 EE 02 48 03 B6 03 E8 03 D4 FE 20 00 65 6F DE 02 D3 5E 41 44 44 52 17 52 01 02 03 04 0B 10 00 F7 03 41 CD 00 
[     19680 ms] 41 44 44 52 07 8A 65 6F DE 02 57 72 01 02 03 04 0B 10 00 F7 03 BC 02 00 00 32 00 9C 00 2C 01 0A 01 14 05 28 0A 00 80 0C 1E 32 90 01 2C 01 28 14 05 05 0A 46 05 48 0D 88 13 96 00 34 03 34 03 FA 00 14 26 02 BC 02 34 03 FC 03 1A 04 00 00 00 00 00 00 00 00 00 00 0C 00 65 6F DE 02 D3 5E 41 44 44 52 17 52 01 02 03 04 0B 10 00 8D 04 99 B3 00 
[     19797 ms] 41 44 44 52 07 8A 65 6F DE 02 AF 72 01 02 03 04 0B 10 00 8D 04 0D 00 01 3C F4 01 E8 03 D0 07 C4 09 01 02 03 04 05 06 07 0B 0C 0D 0E 0F 0F 0F 0F 64 00 0A 00 0A 64 00 F4 01 B0 04 32 00 F4 01 96 00 58 02 00 00 50 00 19 00 C8 00 07 00 18 01 A4 01 91 00 18 01 05 05 88 13 B0 04 1C 0C F5 00 E8 03 E8 03 F4 01 50 00 3C 00 82 00 48 03 32 1E 00 14 14 14 00 E8 03 E8 03 00 05 01 64 00 00 2D 00 BB 03 05 01 1E 2C 01 0A F4 01 3C 00 05 46 00 FA 00 74 04 26 02 78 00 F4 01 32 00 00 3C E6 00 28 28 14 32 32 90 01 64 00 B4 00 A0 0F 50 00 B3 00 65 6F DE 02 D3 5E 41 44 44 52 17 52 01 02 03 04 0B 10 00 50 05 2C 73 00 
[     19951 ms] 41 44 44 52 07 8A 65 6F DE 02 42 72 01 02 03 04 0B 10 00 50 05 12 06 CE FF 0A 03 08 07 F4 01 D0 07 D0 07 58 02 1A FF 2C 01 DA 02 05 50 00 78 B0 04 78 E8 03 E8 03 14 08 07 08 07 6D 01 78 32 5A 00 77 00 65 6F DE 02 D3 5E 41 44 44 52 17 52 01 02 03 04 0B 10 00 61 06 02 6F 00 
[     20039 ms] 41 44 44 52 07 8A 65 6F DE 02 18 72 01 02 03 04 0B 10 00 61 06 03 07 7A 00 65 6F DE 02 D3 5E 41 44 44 52 17 52 01 02 03 04 0B 10 01 04 00 72 22 00 
[     20106 ms] 41 44 44 52 07 8A 65 6F DE 02 88 72 01 02 03 04 0B 10 01 04 00 14 37 17 10 09 1A 03 00 14 37 17 00 00 40 00 41 00 00 04 08 08 00 89 10 00 04 00 00 00 00 00 00 00 00 00 00 00 00 00 00 00 00 00 00 00 00 00 41 19 FC 19 FC D2 00 03 01 0C 01 02 01 11 01 FD 00 F6 00 FA 00 22 FC 22 FC 05 01 22 FC 22 FC 22 FC 22 FC 22 FC 22 FC 22 FC 22 FC 22 FC 22 FC 22 FC 22 FC 22 FC A2 01 42 00 1B 00 17 00 00 00 00 00 E8 03 E5 00 65 6F DE 02 D3 5E 41 44 44 52 17 52 01 02 03 04 0B 10 01 47 01 16 37 00 
[     20238 ms] 41 44 44 52 07 8A 65 6F DE 02 2C 72 01 02 03 04 0B 10 01 47 01 0C 00 00 E0 00 20 00 20 00 00 5D 00 7D 00 A6 00 00 00 00 00 FF 03 A0 00 65 6F DE 02 D3 5E 41 44 44 52 17 52 01 02 03 04 0B 10 01 A7 01 0A CE 00 
[     20317 ms] 41 44 44 52 07 8A 65 6F DE 02 20 72 01 02 03 04 0B 10 01 A7 01 94 01 00 00 BC 02 3C 00 1A 01 45 00 65 6F DE 02 D3 5E 41 44 44 52 17 52 01 02 03 04 0B 10 01 F9 01 76 1A 00 
[     20403 ms] 41 44 44 52 07 8A 65 6F DE 02 8C 72 01 02 03 04 0B 10 01 F9 01 96 00 00 00 00 00 AA FF 00 00 1E 00 02 01 00 00 74 FC 00 00 00 00 00 00 00 00 00 00 00 00 00 00 00 00 00 00 00 00 E0 01 00 00 C2 01 00 00 D7 00 00 00 00 00 00 00 00 00 00 00 00 00 00 00 00 00 00 00 00 00 00 00 00 00 00 00 00 00 FF E2 00 FC 00 14 01 2C 01 41 01 55 01 00 00 00 00 22 FC C8 00 AE 01 00 00 00 00 00 00 00 00 00 00 00 00 00 00 00 10 0E 00 00 CF 00 65 6F DE 02 D3 5E 41 44 44 52 17 52 01 02 03 04 0B 10 01 D1 02 3B 45 00 
[     20544 ms] 41 44 44 52 07 8A 65 6F DE 02 51 72 01 02 03 04 0B 10 01 D1 02 03 01 C7 01 00 00 00 00 2C 01 03 00 38 00 00 FD 00 AA 00 A7 00 0A 00 82 00 F6 00 F6 00 00 00 00 00 00 00 CC FC CC FC CC FC CC FC 00 00 00 00 00 00 00 00 00 00 00 00 00 00 00 00 B8 00 65 6F DE 02 D3 5E 41 44 44 52 17 52 01 02 03 04 0B 10 01 40 03 A4 52 00 
[     20657 ms] 41 44 44 52 07 8A 65 6F DE 02 BA 72 01 02 03 04 0B 10 01 40 03 00 00 00 00 00 00 00 00 00 00 00 00 00 00 00 00 00 00 00 00 00 00 14 01 00 00 3C 00 00 E6 00 00 00 00 00 00 00 00 00 00 00 00 00 00 00 00 00 00 00 00 00 00 00 FF FF 00 00 00 00 2D 00 00 00 00 00 00 B8 0B 00 00 00 00 00 00 30 2A 00 00 67 00 00 00 00 00 00 00 14 00 00 00 00 00 00 1E 00 00 00 05 CF 12 53 04 50 00 48 03 00 00 31 09 00 00 00 00 D4 34 00 00 00 00 00 00 31 32 00 00 00 00 00 22 FC FF FF 00 00 00 00 00 00 00 00 00 00 00 00 01 07 AA 05 AA 05 AA 05 FF FF 00 00 FF FF FF 3B 3E 01 0C 97 00 65 6F DE 02 D3 5E 41 44 44 52 17 52 01 02 03 04 0B 10 01 20 04 16 17 00 
[     20826 ms] 41 44 44 52 07 8A 65 6F DE 02 2C 72 01 02 03 04 0B 10 01 20 04 00 00 00 00 00 00 00 00 00 00 00 00 00 00 00 00 00 00 00 00 00 00 46 00 65 6F DE 02 D3 5E 41 44 44 52 17 52 01 02 03 04 0B 10 01 50 05 1C 42 00 
[     20916 ms] 41 44 44 52 07 8A 65 6F DE 02 32 72 01 02 03 04 0B 10 01 50 05 02 16 00 08 03 00 05 05 05 05 00 00 00 00 00 00 00 00 00 00 00 00 00 00 70 65 00 00 01 00 65 6F DE 02 D3 5E 41 44 44 52 17 52 01 02 03 04 0B 10 03 0B 0D B2 39 00 
[     21003 ms] 41 44 44 52 07 8A 65 6F DE 02 C8 72 01 02 03 04 0B 10 03 0B 0D 00 0B 05 17 0B 19 1A 00 00 00 00 00 00 00 00 0B 05 17 0B 1A 07 01 21 00 00 00 00 00 00 0B 05 17 0B 25 09 02 21 00 00 00 00 00 00 08 0A 18 0E 0A 12 00 00 00 00 00 00 00 00 08 0A 18 0E 0A 3B 01 21 00 00 00 00 00 00 08 0A 18 0E 0F 35 02 21 00 00 00 00 00 00 08 0A 18 0E 20 1E 03 21 00 00 00 00 00 00 0E 0B 18 09 1C 3A 00 00 00 00 00 00 00 00 06 0B 19 0C 00 00 01 12 00 00 00 00 00 00 06 0B 19 0C 15 10 02 12 00 00 00 00 00 00 15 0B 19 09 24 26 02 12 00 00 00 00 00 00 15 0B 19 09 24 28 03 12 00 00 00 00 00 00 15 0B 19 09 37 2B 00 00 00 FA 00 65 6F DE 02 D3 5E 41 44 44 52 17 52 01 02 03 04 0B 10 03 BD 0D B2 54 00 
[     21174 ms] 41 44 44 52 07 8A 65 6F DE 02 C8 72 01 02 03 04 0B 10 03 BD 0D 00 00 00 00 00 12 02 1A 0C 00 00 01 12 00 00 00 00 00 00 12 02 1A 0E 2F 27 00 00 00 00 00 00 00 00 12 02 1A 0E 2F 28 01 12 00 00 00 00 00 00 12 02 1A 0F 01 36 00 00 00 00 00 00 00 00 12 02 1A 0F 01 37 01 12 00 00 00 00 00 00 12 02 1A 0F 04 0B 00 00 00 00 00 00 00 00 12 02 1A 0F 04 0C 01 12 00 00 00 00 00 00 13 02 1A 10 37 20 02 12 00 00 00 00 00 00 13 02 1A 10 37 26 03 12 00 00 00 00 00 00 03 03 1A 09 20 25 00 00 00 00 00 00 00 00 03 03 1A 0A 0C 3B 00 00 00 00 00 00 00 00 17 04 1A 0B 02 14 00 00 00 00 
[     21283 ms] status: 10786 RS485 bytes, 83422 RX signal edges
00 00 00 00 17 04 1A 0B 02 1A 00 65 6F DE 02 D3 5E 41 44 44 52 17 52 01 02 03 04 0B 10 03 6F 0E 42 23 00 
[     21341 ms] 41 44 44 52 07 8A 65 6F DE 02 58 72 01 02 03 04 0B 10 03 6F 0E 1B 00 00 00 00 00 00 00 00 10 09 1A 10 2D 19 00 00 00 00 00 00 00 00 10 09 1A 10 32 08 00 00 00 00 00 00 00 00 10 09 1A 12 2B 10 00 00 00 00 00 00 00 00 10 09 1A 12 33 21 00 00 00 00 00 00 00 00 00 A4 00 65 6F DE 02 D3 5E 41 44 44 52 17 52 01 02 03 04 0B 10 03 FC 0E 29 AA 00 
[     21445 ms] 41 44 44 52 07 8A 65 6F DE 02 3F 72 01 02 03 04 0B 10 03 FC 0E 08 16 00 0A 08 07 00 09 08 0A 1E 03 08 0C 1E 04 08 12 14 03 08 14 14 04 00 00 00 08 00 00 00 07 00 00 00 08 00 00 00 07 01 8F 00 59 CB 27 D3 5E 41 44 44 52 17 52 01 02 03 04 0B 10 05 28 00 18 18 00 
[     21535 ms] 41 44 44 52 07 8A 65 6F DE 02 2E 72 01 02 03 04 0B 10 05 28 00 00 00 00 00 DC FD 14 00 B2 2F 00 00 65 B5 06 00 B9 13 05 00 D0 E7 0E 00 EC 00 65 6F DE 02 D3 5E 41 44 44 52 18 57 01 02 03 04 0B 10 01 DB 03 00 00 0D 00 
[     21634 ms] 41 44 44 52 07 8A 65 6F DE 02 17 77 01 02 03 04 0B 10 01 DB 03 00 ED 00 
[     21669 ms] 65 6F DE 02 D3 5E 41 44 44 52 18 57 01 02 03 04 0B 10 01 D9 03 00 00 0A 00 
[     21713 ms] 41 44 44 52 07 8A 65 6F DE 02 17 77 01 02 03 04 0B 10 01 D9 03 00 A2 00 65 6F DE 02 D3 5E 41 44 44 52 18 57 01 02 03 04 0B 10 01 E1 03 3E 01 F1 00 
[     21783 ms] 41 44 44 52 07 8A 65 6F DE 02 17 77 01 02 03 04 0B 10 01 E1 03 01 07 00 65 6F DE 02 D3 5E 41 44 44 52 20 57 01 02 03 04 0B 10 01 68 05 7B 65 00 00 01 00 01 00 00 00 49 00 
[     21868 ms] 41 44 44 52 07 8A 65 6F DE 02 17 77 01 02 03 04 0B 10 01 68 05 00 1F 00 65 6F DE 02 D3 5E 41 44 44 52 17 52 01 02 03 04 0B 10 00 00 00 18 28 00 
[     21958 ms] 41 44 44 52 07 8A 65 6F DE 02 2E 72 01 02 03 04 0B 10 00 00 00 C2 8E 72 42 AE 34 06 1F FF 00 00 11 0C CB 59 01 2B 09 40 71 50 00 0C 00 60 00 65 6F DE 02 D3 5E 41 44 44 52 17 52 01 02 03 04 0B 10 00 7F 00 0A B9 00 
[     22046 ms] 41 44 44 52 07 8A 65 6F DE 02 20 72 01 02 03 04 0B 10 00 7F 00 00 07 14 00 00 15 00 00 00 00 F8 00 65 6F DE 02 D3 5E 41 44 44 52 17 52 01 02 03 04 0B 10 00 27 01 04 3C 00 
[     22122 ms] 41 44 44 52 07 8A 65 6F DE 02 1A 72 01 02 03 04 0B 10 00 27 01 21 00 00 00 D3 00 65 6F DE 02 D3 5E 41 44 44 52 17 52 01 02 03 04 0B 10 00 89 02 AD 58 00 
[     22190 ms] 41 44 44 52 07 8A 65 6F DE 02 C3 72 01 02 03 04 0B 10 00 89 02 01 06 00 00 FF 00 00 FF 28 D7 00 14 00 32 00 CE FF 02 00 00 00 00 00 F6 00 1C 01 3E 01 5E 01 7D 01 9B 01 1E 00 28 00 1E 00 64 00 32 00 B0 04 5A 00 B0 04 5A 00 46 00 B4 00 50 00 78 00 FA 00 32 00 12 FD 1E 00 A8 FD 80 0C E0 FC A0 0F DC 05 1E 00 64 00 64 00 96 00 C2 01 BC 02 C8 00 F4 01 78 00 58 02 EC FF 02 64 00 05 78 00 1E 00 F8 02 2C 01 78 00 FF 0C FE C8 00 0A 00 8C 0A 0C FE 1E 0C FE 58 02 D0 07 58 02 9C FF 54 0B FA 00 2C 01 5E 01 90 01 C2 01 90 01 5E 01 2C 01 14 14 14 14 14 14 14 14 00 00 00 14 90 01 C8 00 14 00 AE 00 65 6F DE 02 D3 5E 41 44 44 52 17 52 01 02 03 04 0B 10 00 45 03 B2 A8 00 
[     22358 ms] 41 44 44 52 07 8A 65 6F DE 02 C8 72 01 02 03 04 0B 10 00 45 03 AE 01 0F 00 92 FF 8D FF 88 FF 83 FF 7E FF 79 FF 74 FF 6F FF 6A FF 65 FF 60 FF 5B FF 5B FF 5B FF 5B FF CE FF CE FF C9 FF C9 FF C4 FF C4 FF BF FF BF FF BA FF BA FF B5 FF B5 FF B5 FF B5 FF B5 FF 00 00 00 00 00 00 00 00 00 00 00 00 00 00 00 00 00 00 00 00 00 00 00 00 00 00 00 00 00 00 05 1E 14 7E FF 74 FF 92 FF 88 FF CE FF C4 FF F1 FF E7 FF 96 00 90 01 26 02 7E FF 26 02 B4 00 8A 02 3C 41 3C DA 02 0A 1E 1E F4 01 32 00 58 02 68 01 90 01 26 02 58 02 58 02 01 8A 02 D4 FE 2C 01 00 00 1E 64 C8 00 48 03 8A 02 EE 02 48 03 B6 03 E8 03 D4 FE 20 00 65 6F DE 02 D3 5E 41 44 44 52 17 52 01 02 03 04 0B 10 00 F7 03 41 CD 00 
[     22535 ms] 41 44 44 52 07 8A 65 6F DE 02 57 72 01 02 03 04 0B 10 00 F7 03 BC 02 00 00 32 00 9C 00 2C 01 0A 01 14 05 28 0A 00 80 0C 1E 32 90 01 2C 01 28 14 05 05 0A 46 05 48 0D 88 13 96 00 34 03 34 03 FA 00 14 26 02 BC 02 34 03 FC 03 1A 04 00 00 00 00 00 00 00 00 00 00 0C 00 65 6F DE 02 D3 5E 41 44 44 52 17 52 01 02 03 04 0B 10 00 8D 04 99 B3 00 
[     22637 ms] 41 44 44 52 07 8A 65 6F DE 02 AF 72 01 02 03 04 0B 10 00 8D 04 0D 00 01 3C F4 01 E8 03 D0 07 C4 09 01 02 03 04 05 06 07 0B 0C 0D 0E 0F 0F 0F 0F 64 00 0A 00 0A 64 00 F4 01 B0 04 32 00 F4 01 96 00 58 02 00 00 50 00 19 00 C8 00 07 00 18 01 A4 01 91 00 18 01 05 05 88 13 B0 04 1C 0C F5 00 E8 03 E8 03 F4 01 50 00 3C 00 82 00 48 03 32 1E 00 14 14 14 00 E8 03 E8 03 00 05 01 64 00 00 2D 00 BB 03 05 01 1E 2C 01 0A F4 01 3C 00 05 46 00 FA 00 74 04 26 02 78 00 F4 01 32 00 00 3C E6 00 28 28 14 32 32 90 01 64 00 B4 00 A0 0F 50 00 B3 00 65 6F DE 02 D3 5E 41 44 44 52 17 52 01 02 03 04 0B 10 00 50 05 2C 73 00 
[     22785 ms] 41 44 44 52 07 8A 65 6F DE 02 42 72 01 02 03 04 0B 10 00 50 05 12 06 CE FF 0A 03 08 07 F4 01 D0 07 D0 07 58 02 1A FF 2C 01 DA 02 05 50 00 78 B0 04 78 E8 03 E8 03 14 08 07 08 07 6D 01 78 32 5A 00 77 00 65 6F DE 02 D3 5E 41 44 44 52 17 52 01 02 03 04 0B 10 00 61 06 02 6F 00 
[     22874 ms] 41 44 44 52 07 8A 65 6F DE 02 18 72 01 02 03 04 0B 10 00 61 06 03 07 7A 00 65 6F DE 02 D3 5E 41 44 44 52 17 52 01 02 03 04 0B 10 01 04 00 72 22 00 
[     22946 ms] 41 44 44 52 07 8A 65 6F DE 02 88 72 01 02 03 04 0B 10 01 04 00 14 37 1A 10 09 1A 03 00 14 37 1A 00 00 40 00 41 00 00 04 08 08 00 89 10 00 04 00 00 00 00 00 00 00 00 00 00 00 00 00 00 00 00 00 00 00 00 00 41 19 FC 19 FC D2 00 03 01 0C 01 02 01 11 01 FD 00 F6 00 FA 00 22 FC 22 FC 05 01 22 FC 22 FC 22 FC 22 FC 22 FC 22 FC 22 FC 22 FC 22 FC 22 FC 22 FC 22 FC 22 FC A2 01 62 00 22 00 19 00 00 00 00 00 E8 03 43 00 65 6F DE 02 D3 5E 41 44 44 52 17 52 01 02 03 04 0B 10 01 47 01 16 37 00 
[     23088 ms] 41 44 44 52 07 8A 65 6F DE 02 2C 72 01 02 03 04 0B 10 01 47 01 0C 00 00 E0 00 20 00 20 00 00 65 00 89 00 AE 00 00 00 00 00 FF 03 3E 00 65 6F DE 02 D3 5E 41 44 44 52 17 52 01 02 03 04 0B 10 01 A7 01 0A CE 00 
[     23177 ms] 41 44 44 52 07 8A 65 6F DE 02 20 72 01 02 03 04 0B 10 01 A7 01 94 01 00 00 BC 02 3C 00 1A 01 45 00 65 6F DE 02 D3 5E 41 44 44 52 17 52 01 02 03 04 0B 10 01 F9 01 76 1A 00 
[     23257 ms] 41 44 44 52 07 8A 65 6F DE 02 8C 72 01 02 03 04 0B 10 01 F9 01 96 00 00 00 00 00 AA FF 00 00 1E 00 02 01 00 00 74 FC 02 00 00 00 00 00 00 00 00 00 00 00 00 00 00 00 00 00 00 00 E0 01 00 00 C2 01 00 00 D7 00 00 00 00 00 00 00 00 00 00 00 00 00 00 00 00 00 00 00 00 00 00 00 00 00 00 00 00 00 FF E2 00 FC 00 14 01 2C 01 41 01 55 01 00 00 00 00 22 FC C8 00 AE 01 00 00 00 00 00 00 00 00 00 00 00 00 00 00 00 10 0E 00 00 F1 00 65 6F DE 02 D3 5E 41 44 44 52 17 52 01 02 03 04 0B 10 01 D1 02 3B 45 00 
[     23395 ms] 41 44 44 52 07 8A 65 6F DE 02 51 72 01 02 03 04 0B 10 01 D1 02 03 01 C7 01 00 00 00 00 2C 01 03 00 39 00 00 FD 00 AA 00 A7 00 0A 00 82 00 F6 00 F6 00 00 00 00 00 00 00 CC FC CC FC CC FC CC FC 00 00 00 00 00 00 00 00 00 00 00 00 00 00 00 00 98 00 65 6F DE 02 D3 5E 41 44 44 52 17 52 01 02 03 04 0B 10 01 40 03 A4 52 00 
[     23507 ms] 41 44 44 52 07 8A 65 6F DE 02 BA 72 01 02 03 04 0B 10 01 40 03 00 00 00 00 00 00 00 00 00 00 00 00 00 00 00 00 00 00 00 00 00 00 14 03 00 00 3C 00 00 E6 00 00 00 00 00 00 00 00 00 00 00 00 00 00 00 00 00 00 00 00 00 00 00 FF FF 00 00 00 00 2D 00 00 00 00 00 00 B8 0B 00 00 00 00 00 00 30 2A 00 00 67 00 00 00 00 00 00 00 14 00 00 00 00 00 00 1E 00 00 00 05 CF 12 53 04 50 00 48 03 00 00 31 09 00 00 00 00 D4 34 00 00 00 00 00 00 31 35 00 00 00 00 00 22 FC FF FF 00 00 00 00 00 00 00 00 00 00 00 00 01 07 AA 05 AA 05 AA 05 FF FF 00 00 FF FF FF 3B 3E 01 0C 10 00 65 6F DE 02 D3 5E 41 44 44 52 17 52 01 02 03 04 0B 10 01 20 04 16 17 00 
[     23674 ms] 41 44 44 52 07 8A 65 6F DE 02 2C 72 01 02 03 04 0B 10 01 20 04 00 00 00 00 00 00 00 00 00 00 00 00 00 00 00 00 00 00 00 00 00 00 46 00 65 6F DE 02 D3 5E 41 44 44 52 17 52 01 02 03 04 0B 10 01 50 05 1C 42 00 
[     23762 ms] 41 44 44 52 07 8A 65 6F DE 02 32 72 01 02 03 04 0B 10 01 50 05 02 16 00 08 03 00 05 05 05 05 00 00 00 00 00 00 00 00 00 00 00 00 00 00 7B 65 00 00 95 00 65 6F DE 02 D3 5E 41 44 44 52 17 52 01 02 03 04 0B 10 03 0B 0D B2 39 00 
[     23853 ms] 41 44 44 52 07 8A 65 6F DE 02 C8 72 01 02 03 04 0B 10 03 0B 0D 00 0B 05 17 0B 19 1A 00 00 00 00 00 00 00 00 0B 05 17 0B 1A 07 01 21 00 00 00 00 00 00 0B 05 17 0B 25 09 02 21 00 00 00 00 00 00 08 0A 18 0E 0A 12 00 00 00 00 00 00 00 00 08 0A 18 0E 0A 3B 01 21 00 00 00 00 00 00 08 0A 18 0E 0F 35 02 21 00 00 00 00 00 00 08 0A 18 0E 20 1E 03 21 00 00 00 00 00 00 0E 0B 18 09 1C 3A 00 00 00 00 00 00 00 00 06 0B 19 0C 00 00 01 12 00 00 00 00 00 00 06 0B 19 0C 15 10 02 12 00 00 00 00 00 00 15 0B 19 09 24 26 02 12 00 00 00 00 00 00 15 0B 19 09 24 28 03 12 00 00 00 00 00 00 15 0B 19 09 37 2B 00 00 00 FA 00 65 6F DE 02 D3 5E 41 44 44 52 17 52 01 02 03 04 0B 10 03 BD 0D B2 54 00 
[     24023 ms] 41 44 44 52 07 8A 65 6F DE 02 C8 72 01 02 03 04 0B 10 03 BD 0D 00 00 00 00 00 12 02 1A 0C 00 00 01 12 00 00 00 00 00 00 12 02 1A 0E 2F 27 00 00 00 00 00 00 00 00 12 02 1A 0E 2F 28 01 12 00 00 00 00 00 00 12 02 1A 0F 01 36 00 00 00 00 00 00 00 00 12 02 1A 0F 01 37 01 12 00 00 00 00 00 00 12 02 1A 0F 04 0B 00 00 00 00 00 00 00 00 12 02 1A 0F 04 0C 01 12 00 00 00 00 00 00 13 02 1A 10 37 20 02 12 00 00 00 00 00 00 13 02 1A 10 37 26 03 12 00 00 00 00 00 00 03 03 1A 09 20 25 00 00 00 00 00 00 00 00 03 03 1A 0A 0C 3B 00 00 00 00 00 00 00 00 17 04 1A 0B 02 14 00 00 00 00 00 00 00 00 17 04 1A 0B 02 1A 00 65 6F DE 02 D3 5E 41 44 44 52 17 52 01 02 03 04 0B 10 03 6F 0E 42 23 00 
[     24200 ms] 41 44 44 52 07 8A 65 6F DE 02 58 72 01 02 03 04 0B 10 03 6F 0E 1B 00 00 00 00 00 00 00 00 10 09 1A 10 2D 19 00 00 00 00 00 00 00 00 10 09 1A 10 32 08 00 00 00 00 00 00 00 00 10 09 1A 12 2B 10 00 00 00 00 00 00 00 00 10 09 1A 12 33 21 00 00 00 00 00 00 00 00 00 A4 00 65 6F DE 02 D3 5E 41 44 44 52 17 52 01 02 03 04 0B 10 03 FC 0E 29 AA 00 
[     24315 ms] 41 44 44 52 07 8A 65 6F DE 02 3F 72 01 02 03 04 0B 10 03 FC 0E 08 16 00 0A 08 07 00 09 08 0A 1E 03 08 0C 1E 04 08 12 14 03 08 14 14 04 00 00 00 08 00 00 00 07 00 00 00 08 00 00 00 07 01 8F 00 65 6F DE 02 D3 5E 41 44 44 52 17 52 01 02 03 04 0B 10 05 28 00 18 18 00 
[     24415 ms] 41 44 44 52 07 8A 65 6F DE 02 2E 72 01 02 03 04 0B 10 05 28 00 00 00 00 00 DC FD 14 00 B2 2F 00 00 65 B5 06 00 B9 13 05 00 D0 E7 0E 00 EC 00 65 6F DE 02 D3 5E 41 44 44 52 18 57 01 02 03 04 0B 10 01 DB 03 00 00 0D 00 
[     24514 ms] 41 44 44 52 07 8A 65 6F DE 02 17 77 01 02 03 04 0B 10 01 DB 03 00 ED 00 65 6F DE 02 D3 5E 41 44 44 52 18 57 01 02 03 04 0B 10 01 D9 03 00 00 0A 00 
[     24604 ms] 41 44 44 52 07 8A 65 6F DE 02 17 77 01 02 03 04 0B 10 01 D9 03 00 A2 00 
[     24639 ms] 65 6F DE 02 D3 5E 41 44 44 52 18 57 01 02 03 04 0B 10 01 E1 03 3D 01 A4 00 
[     24688 ms] 41 44 44 52 07 8A 65 6F DE 02 17 77 01 02 03 04 0B 10 01 E1 03 01 07 00 65 6F DE 02 D3 5E 41 44 44 52 20 57 01 02 03 04 0B 10 01 68 05 85 65 00 00 01 00 01 00 00 00 56 00 
[     24777 ms] 41 44 44 52 07 8A 65 6F DE 02 17 77 01 02 03 04 0B 10 01 68 05 00 1F 00 65 6F DE 02 D3 5E 41 44 44 52 17 52 01 02 03 04 0B 10 00 00 00 18 28 00 
[     24857 ms] 41 44 44 52 07 8A 65 6F DE 02 2E 72 01 02 03 04 0B 10 00 00 00 C2 8E 72 42 AE 34 06 1F FF 00 00 11 0C CB 59 01 2B 09 40 71 50 00 0C 00 60 00 65 6F DE 02 D3 5E 41 44 44 52 17 52 01 02 03 04 0B 10 00 7F 00 0A B9 00 
[     24942 ms] 41 44 44 52 07 8A 65 6F DE 02 20 72 01 02 03 04 0B 10 00 7F 00 00 07 14 00 00 15 00 00 00 00 F8 00 65 6F DE 02 D3 5E 41 44 44 52 17 52 01 02 03 04 0B 10 00 27 01 04 3C 00 
[     25026 ms] 41 44 44 52 07 8A 65 6F DE 02 1A 72 01 02 03 04 0B 10 00 27 01 21 00 00 00 D3 00 65 6F DE 02 D3 5E 41 44 44 52 17 52 01 02 03 04 0B 10 00 89 02 AD 58 00 
[     25104 ms] 41 44 44 52 07 8A 65 6F DE 02 C3 72 01 02 03 04 0B 10 00 89 02 01 06 00 00 FF 00 00 FF 28 D7 00 14 00 32 00 CE FF 02 00 00 00 00 00 F6 00 1C 01 3E 01 5E 01 7D 01 9B 01 1E 00 28 00 1E 00 64 00 32 00 B0 04 5A 00 B0 04 5A 00 46 00 B4 00 50 00 78 00 FA 00 32 00 12 FD 1E 00 A8 FD 80 0C E0 FC A0 0F DC 05 1E 00 64 00 64 00 96 00 C2 01 BC 02 C8 00 F4 01 78 00 58 02 EC FF 02 64 00 05 78 00 1E 00 F8 02 2C 01 78 00 FF 0C FE C8 00 0A 00 8C 0A 0C FE 1E 0C FE 58 02 D0 07 58 02 9C FF 54 0B FA 00 2C 01 5E 01 90 01 C2 01 90 01 5E 01 2C 01 14 14 14 14 14 14 14 14 00 00 00 14 90 01 C8 00 14 00 AE 00 65 6F DE 02 D3 5E 41 44 44 52 17 52 01 02 03 04 0B 10 00 45 03 B2 A8 00 
[     25268 ms] 41 44 44 52 07 8A 65 6F DE 02 C8 72 01 02 03 04 0B 10 00 45 03 AE 01 0F 00 92 FF 8D FF 88 FF 83 FF 7E FF 79 FF 74 FF 6F FF 6A FF 65 FF 60 FF 5B FF 5B FF 5B FF 5B FF CE FF CE FF C9 FF C9 FF C4 FF C4 FF BF FF BF FF BA FF BA FF B5 FF B5 FF B5 FF B5 FF B5 FF 00 00 00 00 00 00 00 00 00 00 00 00 00 00 00 00 00 00 00 00 00 00 00 00 00 00 00 00 00 00 05 1E 14 7E FF 74 FF 92 FF 88 FF CE FF C4 FF F1 FF E7 FF 96 00 90 01 26 02 7E FF 26 02 B4 00 8A 02 3C 41 3C DA 02 0A 1E 1E F4 01 32 00 58 02 68 01 90 01 26 02 58 02 58 02 01 8A 02 D4 FE 2C 01 00 00 1E 64 C8 00 48 03 8A 02 EE 02 48 03 B6 03 E8 03 D4 FE 20 00 65 6F DE 02 D3 5E 41 44 44 52 17 52 01 02 03 04 0B 10 00 F7 03 41 CD 00 
[     25447 ms] 41 44 44 52 07 8A 65 6F DE 02 57 72 01 02 03 04 0B 10 00 F7 03 BC 02 00 00 32 00 9C 00 2C 01 0A 01 14 05 28 0A 00 80 0C 1E 32 90 01 2C 01 28 14 05 05 0A 46 05 48 0D 88 13 96 00 34 03 34 03 FA 00 14 26 02 BC 02 34 03 FC 03 1A 04 00 00 00 00 00 00 00 00 00 00 0C 00 65 6F DE 02 D3 5E 41 44 44 52 17 52 01 02 03 04 0B 10 00 8D 04 99 B3 00 
[     25558 ms] 41 44 44 52 07 8A 65 6F DE 02 AF 72 01 02 03 04 0B 10 00 8D 04 0D 00 01 3C F4 01 E8 03 D0 07 C4 09 01 02 03 04 05 06 07 0B 0C 0D 0E 0F 0F 0F 0F 64 00 0A 00 0A 64 00 F4 01 B0 04 32 00 F4 01 96 00 58 02 00 00 50 00 19 00 C8 00 07 00 18 01 A4 01 91 00 18 01 05 05 88 13 B0 04 1C 0C F5 00 E8 03 E8 03 F4 01 50 00 3C 00 82 00 48 03 32 1E 00 14 14 14 00 E8 03 E8 03 00 05 01 64 00 00 2D 00 BB 03 05 01 1E 2C 01 0A F4 01 3C 00 05 46 00 FA 00 74 04 26 02 78 00 F4 01 32 00 00 3C E6 00 28 28 14 32 32 90 01 64 00 B4 00 A0 0F 50 00 B3 00 65 6F DE 02 D3 5E 41 44 44 52 17 52 01 02 03 04 0B 10 00 50 05 2C 73 00 
[     25723 ms] 41 44 44 52 07 8A 65 6F DE 02 42 72 01 02 03 04 0B 10 00 50 05 12 06 CE FF 0A 03 08 07 F4 01 D0 07 D0 07 58 02 1A FF 2C 01 DA 02 05 50 00 78 B0 04 78 E8 03 E8 03 14 08 07 08 07 6D 01 78 32 5A 00 77 00 65 6F DE 02 D3 5E 41 44 44 52 17 52 01 02 03 04 0B 10 00 61 06 02 6F 00 
[     25820 ms] 41 44 44 52 07 8A 65 6F DE 02 18 72 01 02 03 04 0B 10 00 61 06 03 07 7A 00 65 6F DE 02 D3 5E 41 44 44 52 17 52 01 02 03 04 0B 10 01 04 00 72 22 00 
[     25895 ms] 41 44 44 52 07 8A 65 6F DE 02 88 72 01 02 03 04 0B 10 01 04 00 14 37 1D 10 09 1A 03 00 14 37 1D 00 00 40 00 41 00 00 04 08 08 00 89 10 00 04 00 00 00 00 00 00 00 00 00 00 00 00 00 00 00 00 00 00 00 00 00 41 19 FC 19 FC D2 00 03 01 0C 01 02 01 11 01 FD 00 F6 00 FA 00 22 FC 22 FC 05 01 22 FC 22 FC 22 FC 22 FC 22 FC 22 FC 22 FC 22 FC 22 FC 22 FC 22 FC 22 FC 22 FC A2 01 4E 00 1C 00 18 00 00 00 00 00 E8 03 59 00 65 6F DE 02 D3 5E 41 44 44 52 17 52 01 02 03 04 0B 10 01 47 01 16 37 00 
[     26037 ms] 41 44 44 52 07 8A 65 6F DE 02 2C 72 01 02 03 04 0B 10 01 47 01 0C 00 7F E0 00 20 00 20 00 00 50 00 87 00 AA 00 00 00 00 00 FF 03 30 00 65 6F DE 02 D3 5E 41 44 44 52 17 52 01 02 03 04 0B 10 01 A7 01 0A CE 00 
[     26126 ms] 41 44 44 52 07 8A 65 6F DE 02 20 72 01 02 03 04 0B 10 01 A7 01 94 01 00 00 BC 02 3C 00 1A 01 45 00 65 6F DE 02 D3 5E 41 44 44 52 17 52 01 02 03 04 0B 10 01 F9 01 76 1A 00 
[     26197 ms] 41 44 44 52 07 8A 65 6F DE 02 8C 72 01 02 03 04 0B 10 01 F9 01 96 00 00 00 00 00 AA FF 00 00 1E 00 02 01 00 00 74 FC 03 00 00 00 00 00 00 00 00 00 00 00 00 00 00 00 00 00 00 00 E0 01 00 00 C2 01 00 00 D7 00 00 00 00 00 00 00 00 00 00 00 00 00 00 00 00 00 00 00 00 00 00 00 00 00 00 00 00 00 FF E2 00 FC 00 14 01 2C 01 41 01 55 01 00 00 00 00 22 FC C8 00 AE 01 00 00 00 00 00 00 00 00 00 00 00 00 00 00 00 10 0E 